$k,$number_of_loops,>>convergence
1.7844330388338896, 176.57525308377336
1.4921104370325389, 133.09276508973647
1.5046280930253493, 55.55918756489015
1.3726958439314019, 180.43343107965828
1.3535357386923361, 194.61232988885234
1.5544195021142833, 196.73103663608853
1.856243364752501, 130.59784472849955
1.7181699146715776, 36.425544992253734
1.0832181568220272, 94.00658601065577
1.6713689697182765, 101.27935625236178
1.4958410304873555, 33.47443999843086
1.8307733541719322, 64.22803026063573
1.844073444001043, 182.395613701132
1.3946183434913424, 48.29911301048872
1.8375208928951863, 172.17357037613255
1.0024929666281803, 98.35132469521709
1.838158628219868, 82.02924105091834
1.1141312703072996, 177.69789249852786
1.4921569239948225, 53.81865173821853
1.6609205442911508, 34.997424970741406
