$number_of_loops,$no_of_centroids,>>convergence
4.117854430658233, 2.0944411553661784
29.49215948214422, 3.8230844956923558
15.060829780526387, 2.8862880148888257
9.49954668773637, 1.8674755576838624
24.473708013299763, 2.999503481016571
12.642461343485694, 2.6131407962875572
24.131044531799265, 1.7082335703103002
25.74054740340326, 3.3650660952076135
26.062591605558865, 2.013559903715472
8.288632438572495, 2.0633161567241536
7.683920503135383, 1.7381176795914581
2.0396936112549917, 1.2256648735854525
25.502560905606767, 3.5428651938296802
8.570507736671484, 2.6424397253198273
28.30279090892012, 1.2639082591254651
17.09994985184292, 1.1539492469004486
2.856188281153106, 2.811348812655904
20.997150337049973, 1.7375443676323066
10.352248295933988, 2.748593868494789
17.683562721471286, 3.4830073088990243
19.794762274913595, 1.205248373533613
27.225109164029384, 1.6614904000874162
27.6782863231993, 1.2626400455170075
5.789109226831783, 1.2187337405825525
9.432554551026678, 1.7581496674783583
13.42935524837101, 2.8673991470956373
14.966881665534139, 3.151380330448488
6.133210904216559, 1.2441516267659742
19.069957003046376, 2.775432836243122
22.58957813249921, 1.9253712663566533
27.710911750552114, 3.3734383794550333
19.720494884949524, 3.943692833634297
15.710656213348205, 3.090893644212949
1.6209022257372407, 2.298975439007473
10.512927729279179, 1.8355525766389307
16.38351966501488, 1.0973643915781226
10.075865700836548, 2.513463060277008
12.649387575806108, 1.9487675204308648
24.624798859649196, 2.8112953163813215
27.595450582030438, 3.6985373432793702
25.704311078975202, 3.581313804165439
6.86906050370519, 2.6964295490261714
4.511990376321965, 3.5496550830180107
27.4605794346745, 2.5962318388500565
29.559175887024672, 2.538851474080052
27.38603788269266, 1.0635715407978847
21.541906197837292, 2.323126498658981
1.2310756491813468, 3.881099569046841
27.092570891152132, 2.656059216693291
14.56601868331691, 1.4313434734677442
1.9631753931166105, 3.0527991480785777
7.818331735003331, 1.8445078754732898
25.049150093295566, 2.271515389380249
24.29073461006979, 1.8128500821555673
28.502250809437054, 1.2065254464898658
10.784532143413484, 2.6399796838168483
7.781351116375794, 1.1333076787460246
17.658801835464047, 2.0634790046910787
27.944416866426383, 3.2583182609382675
6.314139032197152, 2.588571309191738
8.259667108625745, 1.0260340135693948
11.36014018892441, 3.9608298041325045
18.233255103430363, 1.2281653775224628
15.276349665665304, 1.0895092416193033
1.5588069907461697, 3.5595544795128737
23.97724750189011, 1.1757810791333352
1.4451078964722202, 2.7652652313709742
19.889238628006638, 3.4395691309031156
18.10639417636957, 2.0288710089064455
4.280613563363486, 1.6727176884512787
1.891136386297514, 1.8547645390867875
15.003973509030965, 3.039838250375066
16.644218281649728, 3.1373880132213197
23.887693437979927, 1.362900963660578
13.411365377333018, 3.5262957407111903
5.784154099459565, 3.9941021996137445
22.51477852143499, 1.5414334985121465
8.466670861302202, 3.078997249291294
19.58490848104599, 1.9742566203762517
21.136073048489163, 1.899266652289279
9.121275447323828, 3.905733410498234
22.629208211316236, 2.8200919486221543
3.1150764868772676, 2.430821711578208
28.060747505303112, 3.89407228772056
8.1751863220891, 1.4764148738270544
25.425961361452284, 3.8445498007653702
8.9079492881059, 2.7770481266331988
12.90716844658388, 2.528857835046789
4.642670867009841, 2.367267307959139
19.633872342709925, 2.6934626244985895
25.6012443374094, 1.2644994345106633
5.656342150615636, 2.9916421945465217
